-0.030000 -0.029000 0.270000  0.283000  0.000000  0.000000 
NW        4         0         150       150       150       200       0.000000  0.000000  1 1
0 0 1
-0.030000 0.127000  0.270000  0.254000 
RX        2         0         0         170       0         200       0.000000  0.020000  1 1
0 0 2
0.000000  0.027000  0.240000  0.108000 
0.000000  0.146000  0.240000  0.227000 
PC        7         0         255       0         0         200       0.020000  0.065000  1 1
0 0 5
-0.002000 0.000000  0.002000  0.254000 
0.058000  0.000000  0.062000  0.254000 
0.118000  0.000000  0.122000  0.254000 
0.178000  0.000000  0.182000  0.254000 
0.238000  0.000000  0.242000  0.254000 
RXFIN     2         42        0         85        255       200       0.000000  0.045000  1 1
0 0 9
0.000000  0.009500  0.240000  0.017500 
0.000000  0.036500  0.240000  0.044500 
0.000000  0.063500  0.240000  0.071500 
0.000000  0.090500  0.240000  0.098500 
0.000000  0.128500  0.240000  0.136500 
0.000000  0.155500  0.240000  0.163500 
0.000000  0.182500  0.240000  0.190500 
0.000000  0.209500  0.240000  0.217500 
0.000000  0.236500  0.240000  0.244500 
CT        247       0         170       0         255       200       0.065000  0.065000  1 1
0 0 2
-0.030000 -0.010500 0.270000  0.010500 
-0.030000 0.243500  0.270000  0.264500 
RC        502       0         230       230       230       200       0.065000  0.065000  1 1
0 0 3
-0.002000 0.000000  0.002000  0.254000 
0.118000  0.000000  0.122000  0.254000 
0.238000  0.000000  0.242000  0.254000 
CA        14        0         255       250       200       200       0.045000  0.070000  1 1
0 0 4
0.020000  -0.018000 0.040000  0.272000 
0.080000  -0.018000 0.100000  0.272000 
0.140000  -0.018000 0.160000  0.272000 
0.200000  -0.018000 0.220000  0.272000 
CR        729       0         255       250       100       200       0.070000  0.070000  1 1
0 0 6
0.016000  -0.002000 0.044000  0.074000 
0.016000  0.220000  0.044000  0.256000 
0.136000  -0.002000 0.164000  0.074000 
0.136000  0.220000  0.164000  0.256000 
0.076000  0.040000  0.104000  0.070000 
0.196000  0.040000  0.224000  0.070000 
CB        245       0         255       250       200       200       0.065000  0.070000  1 1
0 0 2
0.052000  0.191000  0.068000  0.207000 
0.172000  0.191000  0.188000  0.207000 
VA,VABAR  685       1         255       170       255       200       0.070000  0.080000  1 1
0 0 2
0.081000  0.045000  0.099000  0.065000 
0.201000  0.045000  0.219000  0.065000 
VAPWR     685       3         255       170       255       200       0.070000  0.080000  1 1
0 0 4
0.021000  0.003000  0.039000  0.029000 
0.021000  0.225000  0.039000  0.251000 
0.141000  0.003000  0.159000  0.029000 
0.141000  0.225000  0.159000  0.251000 
VB        686       0         255       170       255       200       0.070000  0.080000  1 1
0 0 2
0.053000  0.192000  0.067000  0.206000 
0.173000  0.192000  0.187000  0.206000 
M1        15        0         0         170       255       200       0.080000  0.100000  1 1
0 0 6
0.000000  -0.029000 0.240000  0.029000 
0.000000  0.225000  0.240000  0.283000 
0.012000  0.045000  0.108000  0.065000 
0.012000  0.189000  0.108000  0.209000 
0.132000  0.045000  0.228000  0.065000 
0.132000  0.189000  0.228000  0.209000 
V1        16        0         85        255       127       200       0.100000  0.110000  1 1
0 0 12
0.029000  -0.010000 0.049000  0.010000 
0.029000  0.244000  0.049000  0.264000 
0.050000  0.045000  0.070000  0.065000 
0.050000  0.189000  0.070000  0.209000 
0.083000  -0.010000 0.103000  0.010000 
0.083000  0.244000  0.103000  0.264000 
0.137000  -0.010000 0.157000  0.010000 
0.137000  0.244000  0.157000  0.264000 
0.170000  0.045000  0.190000  0.065000 
0.170000  0.189000  0.190000  0.209000 
0.191000  -0.010000 0.211000  0.010000 
0.191000  0.244000  0.211000  0.264000 
M2        17        0         255       255       0         200       0.110000  0.130000  1 1
0 0 6
0.000000  -0.029000 0.240000  0.029000 
0.000000  0.225000  0.240000  0.283000 
0.000000  0.185500  0.108000  0.212500 
0.012000  0.041500  0.108000  0.068500 
0.132000  0.041500  0.240000  0.068500 
0.132000  0.185500  0.228000  0.212500 
V2        18        0         255       0         0         200       0.130000  0.140000  1 1
0 0 2
0.050000  0.045000  0.070000  0.065000 
0.170000  0.189000  0.190000  0.209000 
M3        19        0         255       170       255       200       0.140000  0.160000  1 1
0 0 2
0.012000  0.041500  0.160000  0.068500 
0.080000  0.185500  0.228000  0.212500 
MF        714       0         170       170       255       200       0.160000  0.170000  1 1
0 0 2
0.109000  0.044000  0.131000  0.066000 
0.109000  0.188000  0.131000  0.210000 
F4        177       0         195       195       195       200       0.170000  0.190000  1 1
0 0 1
0.080000  0.019000  0.160000  0.235000 
A  705       0         0         0         0         200       0.000000  0.000000  1 1
0 0 6
0.000000  0.105000  0.060000  0.149000 
0.060000  -0.003000 0.120000  0.027000 
0.060000  0.227000  0.120000  0.257000 
0.120000  0.105000  0.180000  0.149000 
0.180000  -0.003000 0.240000  0.027000 
0.180000  0.227000  0.240000  0.257000 
S  62        21        0         0         0         200       0.000000  0.000000  1 1
0 0 1
0.000000  0.000000  0.240000  0.254000 
D  63        63        0         0         0         200       0.000000  0.000000  1 1
0 0 0
W  685       66        0         0         0         200       0.000000  0.000000  1 1
0 0 4
0.021000  -0.029000 0.039000  0.029000 
0.021000  0.225000  0.039000  0.283000 
0.141000  -0.029000 0.159000  0.029000 
0.141000  0.225000  0.159000  0.283000 
V  12        183       0         0         0         200       0.000000  0.000000  1 1
0 0 1
0.000000  0.000000  0.240000  0.127000 
Q  12        184       0         0         0         200       0.000000  0.000000  1 1
0 0 1
0.000000  0.127000  0.240000  0.254000 
A  12        185       0         0         0         200       0.000000  0.000000  1 1
0 0 1
0.000000  0.000000  0.240000  0.127000 
H  12        186       0         0         0         200       0.000000  0.000000  1 1
0 0 1
0.000000  0.127000  0.240000  0.254000 
B  15        235       0         0         0         200       0.000000  0.000000  1 1
0 0 4
0.012000  0.045000  0.108000  0.065000 
0.012000  0.189000  0.108000  0.209000 
0.132000  0.045000  0.228000  0.065000 
0.132000  0.189000  0.228000  0.209000 
E  15        236       0         0         0         200       0.000000  0.000000  1 1
0 0 2
0.000000  -0.029000 0.240000  0.029000 
0.000000  0.225000  0.240000  0.283000 
U  550       280       0         0         0         200       0.000000  0.000000  1 1
0 0 1
0.000000  0.000000  0.240000  0.254000 